Case #1:
0 0 2 4 
0 0 4 8 
0 2 16 32 
0 0 4 16 
Case #2:
0 2 2 4 
0 0 4 8 
0 0 16 32 
0 0 4 16 
Case #3:
0 0 0 0 
0 0 0 0 
0 0 0 0 
0 0 0 0 
Case #4:
0 0 0 0 
0 0 0 0 
4 4 4 4 
4 4 4 4 
Case #5:
4 4 0 0 
4 4 0 0 
4 4 0 0 
4 4 0 0 
Case #6:
0 0 4 4 
0 0 4 4 
0 0 4 4 
0 0 4 4 
Case #7:
4 4 4 4 
4 4 4 4 
0 0 0 0 
0 0 0 0 
Case #8:
4 8 0 0 
4 8 0 0 
4 8 0 0 
4 8 0 0 
Case #9:
0 0 0 0 
0 0 0 0 
2048 2048 2048 2048 
2048 2048 2048 2048 
Case #10:
2048 2048 0 0 
2048 2048 0 0 
2048 2048 0 0 
2048 2048 0 0 
Case #11:
0 0 2048 2048 
0 0 2048 2048 
0 0 2048 2048 
0 0 2048 2048 
Case #12:
2048 2048 2048 2048 
2048 2048 2048 2048 
0 0 0 0 
0 0 0 0 
Case #13:
16 256 8 4 
2 2 0 128 
0 0 0 0 
0 0 0 0 
Case #14:
128 0 0 0 
64 2 0 0 
16 0 0 0 
1024 256 0 0 
Case #15:
0 0 0 0 
0 0 0 8 
0 0 0 16 
0 0 0 0 
Case #16:
4 2 4 512 
0 0 0 0 
0 0 0 0 
0 0 0 0 
Case #17:
0 32 512 2 
0 1024 512 2 
0 64 128 256 
0 4 128 4 
Case #18:
8 0 0 0 
32 0 4 256 
512 0 64 128 
256 8 2 4 
Case #19:
4 0 0 0 
1024 8 4 0 
2 8 128 0 
8 4 0 0 
Case #20:
4 2 8 4 
2 8 8 32 
8 0 0 0 
0 0 0 0 
