6
10
40 67 16 28 39 55 11 14 33 62 45 63 18 64 45 78 14 16 39 43 
5
65
75
27
74
94

25
90 126 96 173 14 113 43 92 111 155 89 121 44 79 31 49 7 102 26 69 66 163 18 79 78 192 20 23 40 64 114 160 19 77 81 127 42 157 108 124 123 173 63 119 92 206 87 96 90 174 
25
117
138
180
154
54
21
30
20
175
112
207
100
246
21
187
23
218
114
98
67
154
116
10
191
177

50
1 500 500 500 238 437 112 198 116 200 236 413 117 212 208 419 224 412 75 314 92 267 130 191 152 396 98 347 78 261 143 184 138 197 121 237 25 77 56 296 68 309 49 57 98 158 203 301 93 278 79 320 229 251 175 326 161 382 22 218 70 188 206 312 185 314 1 190 20 149 117 151 247 404 222 265 199 416 154 234 243 475 106 214 160 328 29 79 53 118 160 224 132 331 93 139 219 256 89 122 
50
308
191
283
10
407
257
242
230
256
394
79
281
76
65
139
488
189
295
215
499
40
114
151
151
432
230
167
133
71
224
158
407
293
483
136
15
226
117
427
348
240
134
266
314
107
433
91
490
82
48

15
31 31 90 90 31 31 126 207 83 94 132 296 104 244 8 9 160 163 166 287 145 251 130 165 184 291 183 313 173 232 
8
31
126
230
90
359
130
326
31

20
124 133 174 266 144 231 194 315 59 178 109 289 141 225 191 312 44 220 94 310 87 113 137 256 133 257 183 328 173 250 223 325 64 199 114 299 186 199 236 299 
15
25
337
253
351
242
175
195
110
192
95
138
184
224
115
237

15
241 349 25 241 86 130 151 293 89 118 185 187 174 370 72 203 131 167 166 170 79 97 120 311 164 292 83 176 151 161 
8
241
399
77
309
352
348
136
247

