5
5 1011011 1011111 1010000 1011111 1011011
1 1111111
5 0000000 0000000 0000000 0000100 0000000
4 0001000 0010000 0011010 0011010
1 1011101
5 1011010 1011110 1010000 1011110 1011010
4 0110000 0011110 0011010 0110010
5 1001001 0010000 1011010 1011011 1011011
1 0011110
2 1101001 0110000
5 1110000 1011100 1011000 0110000 1111000
5 1011110 1010000 1011110 1011010 0010010
2 1011101 1011001
1 0110000
3 0111000 0101100 0110000
2 1110000 1011010
5 1101011 1101011 1100000 1001011 1001011
3 0000011 1001001 1001101
5 0010000 1011010 1011011 1011011 1010000
1 1011100
5 0111100 0111001 0111101 0110000 0011101
4 1011011 1011011 1010000 1011011
5 0110001 0100101 0110000 0110110 0110011
4 1101110 1101010 1101110 1100000
1 0110000
1 1001011
2 0011011 0011111
2 0111011 0111111
5 0111010 0111110 0110000 0011110 0011010
4 1000000 1001111 1001011 0000011
3 1111100 1110000 1011100
1 1101010
5 1101001 1101101 1100000 1001101 1001001
2 1111000 1111100
5 1110111 1110000 1010111 1010011 0110011
1 0010000
3 0100011 1101001 1101101
3 1001011 0000011 1001001
2 1110000 1011111
2 1011010 1011011
3 1111001 1101001 0110000
4 1010011 0110011 1110001 1100101
3 0101100 0110000 0111110
3 0111001 0101001 0110000
3 1101101 1100000 1001101
4 0110001 0111001 0101101 0110000
2 1001101 0010000
4 0010011 1010001 1000101 0010000
4 1100101 0110000 1110110 1110011
2 0100101 0110000
3 0110000 0111100 0111001
5 0001101 0010000 0011110 0011011 0011111
3 1101001 1101101 1100000
5 1110001 1100101 0110000 1110110 1110011
4 0110000 0010111 0010011 0110011
4 1110011 1110000 1010011 1010011
1 0010010
3 1010011 1010011 0110011
5 1111001 1101001 0110000 1111000 1111001
2 0010011 1011001
5 0100011 1100001 1100101 0100000 1100110
1 0110011
4 0110000 1111100 1111000 1111100
5 0110001 1111001 1101001 0110000 1111000
3 0111001 0101101 0110000
1 1010011
2 1101001 1101001
4 1011110 1011011 1011111 1010000
3 1111000 1111001 1111001
2 1111100 1111001
2 0101001 0110000
4 1110011 1110000 1010011 1010011
1 0111011
1 1111100
4 1111000 1101100 0110000 1111110
5 1011000 0110000 1111000 1101100 0110000
5 1011111 1011011 0010011 1011001 1001101
4 1100000 1001111 1001011 0100011
4 0011011 0011111 0010000 0011111
3 1011110 1011010 0010010
4 0111101 0110000 0011101 0011001
1 0110000
2 1111001 1111101
1 0111001
1 0010000
4 0010011 1011001 1001101 0010000
4 1111111 1110000 1011111 1011011
2 0011011 0011011
1 1011000
2 0110000 0011110
5 0110010 1110000 1100100 0110000 1110110
2 0100000 1101110
4 1111001 1110000 1011001 1011001
4 0100001 1101001 1101101 0100000
5 1011110 1011011 1011111 1010000 1011111
1 1010000
4 1010011 1010111 1010000 1010111
5 1110000 1011101 1011001 0110001 1111001
4 0011011 0110011 0111001 0101001
5 1101101 0110000 1111110 1111011 1111111
