10
10
76932 90317
39205 63025
59299 71237
49335 83207
37472 69983
51150 61267
46101 50709
37124 48892
21840 66612
22711 93244
10
20823 47597
85606 87664
94690 99147
42649 75375
70770 91877
59692 82812
35446 83564
67600 79071
83601 86261
32202 75183
10
43688 68760
13468 33103
68588 88665
66883 71878
88189 99516
70929 99563
93041 95028
26059 30131
57912 72436
13557 52450
10
61752 95569
52145 75859
38250 67199
87257 97177
60292 61777
49259 57239
61383 90180
90337 91332
20653 26799
91825 98391
10
38380 81639
59489 61699
52893 81043
75646 84220
10614 42356
7175 35551
60708 81364
69890 91571
72285 98618
1942 39704
10
37034 94335
51471 82314
19157 22032
2408 9912
77365 88591
57215 74914
33965 96628
90725 95465
41661 58364
6135 17269
10
85636 89948
75788 90854
51766 66227
27418 44550
43101 48494
41040 65083
16446 89251
93458 95532
57153 80822
76810 92073
10
97224 99741
50269 94585
46527 78451
97079 97583
74909 93183
64154 76378
45959 66820
21596 70084
80476 83134
39338 39460
10
69722 89054
69472 84582
93141 93444
65000 70966
55947 59419
76998 98486
6242 71452
65118 86479
241 70276
3922 46708
10
79386 93660
23594 89472
17053 84129
7476 63566
11632 28995
90575 98643
22010 91811
29117 73114
22227 59337
32818 33623
